0x1f007000: 00000000 00000000 00000000 00000000
0x1f007010: 00000000 00000000 00000000 00000000
0x1f007020: 00000000 00000000 00000000 00000000
0x1f007030: 00000000 00000000 00000000 00000000
0x1f007040: 00000000 00000000 00000000 00000000
0x1f007050: 00000000 00000000 00000000 00000000
0x1f007060: 00000000 00000000 00000000 00000000
0x1f007070: 00000000 00000000 00000000 00000000
0x1f007080: 00000000 00000000 00000000 00000000
0x1f007090: 00000000 00000000 00000000 00000000
0x1f0070a0: 00000000 00000000 00000000 00000000
0x1f0070b0: 00000000 00000000 00000000 00000000
0x1f0070c0: 00000000 00000000 00000000 00000000
0x1f0070d0: 00000000 00000000 00000000 00000000
0x1f0070e0: 00000000 00000000 00000000 00000000
0x1f0070f0: 00000000 00000000 00000000 00000000
0x1f007100: 00000000 00000000 00000000 00000000
0x1f007110: 00000000 00000000 00000000 00000000
0x1f007120: 00000000 00000000 00000000 00000000
0x1f007130: 00000000 00000000 00000000 00000000
0x1f007140: 00000000 00000000 00000000 00000000
0x1f007150: 00000000 00000000 00000000 00000000
0x1f007160: 00000000 00000000 00000000 00000000
0x1f007170: 00000000 00000000 00000000 00000000
0x1f007180: 00000000 00000000 00000000 00000000
0x1f007190: 00000000 00000000 00000000 00000000
0x1f0071a0: 00000000 00000000 00000000 00000000
0x1f0071b0: 00000000 00000000 00000000 00000000
0x1f0071c0: 00000020 00000000 00000000 00000000
0x1f0071d0: 00000000 00000000 00000000 00000000
0x1f0071e0: 00000000 00000000 00000000 00000000
0x1f0071f0: 00000000 00000000 00000000 00000000
