0x1f206400: 00000000 00000000 00000000 00000000
0x1f206410: 00000000 00000000 00000000 00000000
0x1f206420: 00000000 00000000 00000000 00000000
0x1f206430: 00000000 00000000 00000000 00000000
0x1f206440: 00000000 00000000 00000000 00000000
0x1f206450: 00000000 00000000 00000000 00000000
0x1f206460: 00000000 00000000 00000000 00000000
0x1f206470: 00000000 00000000 00000000 00000000
0x1f206480: 00000000 00000000 00000000 00000000
0x1f206490: 00000000 00000000 00000000 00000000
0x1f2064a0: 00000000 00000000 00000000 00000000
0x1f2064b0: 00000000 00000000 00000000 00000000
0x1f2064c0: 00000000 00000000 00000000 00000000
0x1f2064d0: 00000000 00000000 00000000 00000000
0x1f2064e0: 00000000 00000000 00000000 00000000
0x1f2064f0: 00000000 00000000 00000000 00000000
0x1f206500: 00000000 00000000 00000000 00000000
0x1f206510: 00000000 00000000 00000000 00000000
0x1f206520: 00000000 00000000 00000000 00000000
0x1f206530: 00000000 00000000 00000000 00000000
0x1f206540: 00000000 00000000 000028f6 0000005c
0x1f206550: 00000000 00000000 00000000 00000000
0x1f206560: 00000000 00000000 00000000 00000000
0x1f206570: 00000000 00000001 00000000 00000000
0x1f206580: 00000000 00000000 00000000 00000000
0x1f206590: 00000000 00000000 00000000 00000000
0x1f2065a0: 00000000 00000000 00000000 00000000
0x1f2065b0: 00000000 00000000 00000000 00000000
0x1f2065c0: 00000000 00000000 00000000 00000000
0x1f2065d0: 00000000 00000000 00000000 00000000
0x1f2065e0: 00000000 00000000 00000000 00000000
0x1f2065f0: 00000000 00000000 00000000 00000000
