0x1f207000: 00000000 00000000 00000001 00000001
0x1f207010: 00000000 00000000 00000000 00000000
0x1f207020: 00000000 00000000 00000000 00000000
0x1f207030: 00000000 00000000 00000000 00000000
0x1f207040: 00000000 00000000 00000000 00000000
0x1f207050: 00000000 00000000 00000000 00000000
0x1f207060: 00000000 00000000 00000000 00000000
0x1f207070: 00000000 00000000 00000000 00000000
0x1f207080: 00000000 00000000 00000000 00000000
0x1f207090: 00000000 00000000 00000000 00000000
0x1f2070a0: 00000000 00000000 00000000 00000000
0x1f2070b0: 00000000 00000000 00000000 00000000
0x1f2070c0: 00000000 00000008 00000000 00001101
0x1f2070d0: 00000211 000045a9 00000000 00000101
0x1f2070e0: 00000000 00000000 00000000 00000000
0x1f2070f0: 00000000 00000000 00000000 00000000
0x1f207100: 00000000 00000000 00000001 00000000
0x1f207110: 00000000 00000001 00000101 00000000
0x1f207120: 00000000 00000000 00000000 00000000
0x1f207130: 00000000 00000000 00000000 00000000
0x1f207140: 00000000 00000001 00000001 00000101
0x1f207150: 00000001 00000101 00000101 00000001
0x1f207160: 00000000 00000000 00000000 00000000
0x1f207170: 00000000 00000000 00000000 00000000
0x1f207180: 00000001 00000001 00000000 00000009
0x1f207190: 00000000 00000000 00000000 00000000
0x1f2071a0: 00000000 00000000 00000001 00000000
0x1f2071b0: 00000100 0000003d 00000001 00000001
0x1f2071c0: 00000000 0000ffff 00000000 00000a40
0x1f2071d0: 00000000 00000000 00000000 00000000
0x1f2071e0: 00000000 00000000 00000000 00000000
0x1f2071f0: 00000000 00000000 00000101 0000ffff
