
== 0x1f001c00  pm_clkgen  always-on clock gates (pwm/spi/ir/rtc/sar/pm_sleep) ==
  0x1f001c00: 00000003 00000000 00000000 00000000
  0x1f001c10: 00000000 00000000 00000000 00000000
  0x1f001c20: 000000ff 00000800 00000000 00000000
  0x1f001c30: 00000000 00000000 00000000 00000000
  0x1f001c40: 00000000 00000000 00000000 00000000
  0x1f001c50: 0000000f 00000000 0000003f 00000000
  0x1f001c60: 00000000 00000000 00000000 00000000
  0x1f001c70: 00000300 00000000 00000000 00001800
  0x1f001c80: 00000000 00000000 00000000 00000000
  0x1f001c90: 00000000 00000000 00000000 00000000
  0x1f001ca0: 00000000 00000000 00000000 00000000
  0x1f001cb0: 00000000 00000000 000000ff 00000000
  0x1f001cc0: 00000003 00000000 00000000 00000000
  0x1f001cd0: 00000000 00000008 00000000 0000ffff
  0x1f001ce0: 00000000 00000000 00000000 0000ffff
  0x1f001cf0: 0000ffff 0000003f 00000000 00000000
  0x1f001d00: 00000000 00000000 00000000 00000000
  0x1f001d10: 00000000 00000000 00000000 00000000
  0x1f001d20: 00000000 00000020 0000000f 00000000
  0x1f001d30: 0000000f 00000000 00000000 00000000
  0x1f001d40: 00000000 00000000 00000000 00000000
  0x1f001d50: 00000000 00000000 0000003f 00000000
  0x1f001d60: 00000000 00000000 00000000 00000000
  0x1f001d70: 00000000 00000000 00000000 00000000
  0x1f001d80: 00000000 00003c3f 00004000 00000600
  0x1f001d90: 00002000 000001ff 00000006 00000000
  0x1f001da0: 00000000 00000000 00000000 00000000
  0x1f001db0: 00000000 00000000 00000000 00000003
  0x1f001dc0: 00000000 00000000 00000000 00000000
  0x1f001dd0: 00000000 00000000 00000000 00000000
  0x1f001de0: 00000000 00000000 00000000 00000000
  0x1f001df0: 00000000 00000000 00000000 00000000

== 0x1f001e00  pm_gpio    always-on GPIO pads ==
  0x1f001e00: 00000001 00000001 00000001 00000001
  0x1f001e10: 00000001 00000001 00000001 00000001
  0x1f001e20: 00000001 00000001 00000001 00000001
  0x1f001e30: 00000001 00000001 00000001 00000001
  0x1f001e40: 00000001 00000001 00000001 00000001
  0x1f001e50: 00000005 00000001 00000001 00000001
  0x1f001e60: 00000001 00000001 00000001 00000001
  0x1f001e70: 00000001 00000001 00000001 00000001
  0x1f001e80: 00000001 00000001 00000001 00000001
  0x1f001e90: 00000001 00000001 00000001 00000001
  0x1f001ea0: 00000001 00000001 00000001 00000001
  0x1f001eb0: 00000001 00000001 00000001 00000001
  0x1f001ec0: 00000001 00000001 00000001 00000001
  0x1f001ed0: 00000001 00000001 00000001 00000001
  0x1f001ee0: 00000001 00000001 00000001 00000001
  0x1f001ef0: 00000001 00000001 00000001 00000001
  0x1f001f00: 00000001 00000001 00000001 00000001
  0x1f001f10: 00000001 00000001 00000001 00000005
  0x1f001f20: 00000001 00000001 00000005 00000005
  0x1f001f30: 00000001 00000001 00000001 00000001
  0x1f001f40: 00000001 00000001 00000001 00000001
  0x1f001f50: 00000001 00000001 00000001 00000001
  0x1f001f60: 00000001 00000001 00000001 00000001
  0x1f001f70: 00000001 00000001 00000001 00000001
  0x1f001f80: 00000001 00000001 00000001 00000001
  0x1f001f90: 00000001 00000001 00000001 00000001
  0x1f001fa0: 00000001 00000001 00000001 00000001
  0x1f001fb0: 00000001 00000001 00000001 00000001
  0x1f001fc0: 00000001 00000001 00000001 00000001
  0x1f001fd0: 00000001 00000001 00000001 00000001
  0x1f001fe0: 00000001 00000001 00000001 00000001
  0x1f001ff0: 00000001 00000001 00000001 00000001

== 0x1f002400  rtc        second RTC (sstar,infinity-rtc) ==
  0x1f002400: 00000000 00000000 00000000 00000000
  0x1f002410: 00000000 00000000 00000000 00000000
  0x1f002420: 00000000 00000000 00000000 00000000
  0x1f002430: 00000000 00000000 00000000 00000000
  0x1f002440: 00000000 00000000 00000000 00000000
  0x1f002450: 00000000 00000000 00000000 00000000
  0x1f002460: 00000000 00000000 00000000 00000000
  0x1f002470: 00000000 00000000 00000000 00000000
  0x1f002480: 00000000 00000000 00000000 00000000
  0x1f002490: 00000000 00000000 00000000 00000000
  0x1f0024a0: 00000000 00000000 00000000 00000000
  0x1f0024b0: 00000000 00000000 00000000 00000000
  0x1f0024c0: 00000000 00000000 00000000 00000000
  0x1f0024d0: 00000000 00000000 00000000 00000000
  0x1f0024e0: 00000000 00000000 00000000 00000000
  0x1f0024f0: 00000000 00000000 00000000 00000000
  0x1f002500: 00000000 00000000 00000000 00000000
  0x1f002510: 00000000 00000000 00000000 00000000
  0x1f002520: 00000000 00000000 00000000 00000000
  0x1f002530: 00000000 00000000 00000000 00000000
  0x1f002540: 00000000 00000000 00000000 00000000
  0x1f002550: 00000000 00000000 00000000 00000000
  0x1f002560: 00000000 00000000 00000000 00000000
  0x1f002570: 00000000 00000000 00000000 00000000
  0x1f002580: 00000000 00000000 00000000 00000000
  0x1f002590: 00000000 00000000 00000000 00000000
  0x1f0025a0: 00000000 00000000 00000000 00000000
  0x1f0025b0: 00000000 00000000 00000000 00000000
  0x1f0025c0: 00000000 00000000 00000000 00000000
  0x1f0025d0: 00000000 00000000 00000000 00000000
  0x1f0025e0: 00000000 00000000 00000000 00000000
  0x1f0025f0: 00000000 00000000 00000000 00000000

== 0x1f006000  wdt        watchdog ==
  0x1f006000: 00000000 00000000 00000000 00000000
  0x1f006010: 00000000 00000000 00000000 00000000
  0x1f006020: 00000000 00000000 00000000 00000000
  0x1f006030: 00000000 00000000 00000000 00000000
  0x1f006040: 00000001 00000000 0000ffff 0000ffff
  0x1f006050: 00008ca0 0000586c 00000000 00000000
  0x1f006060: 00000000 00000000 00000000 00000000
  0x1f006070: 00000000 00000000 00000000 00000000
  0x1f006080: 00000000 00000000 00000000 00000000
  0x1f006090: 00000000 00000000 00000000 00000000
  0x1f0060a0: 00000000 00000000 00000000 00000000
  0x1f0060b0: 00000000 00000000 00000000 00000000
  0x1f0060c0: 00000000 00000000 00000000 00000000
  0x1f0060d0: 00000000 00000000 00000000 00000000
  0x1f0060e0: 00000000 00000000 00000000 00000000
  0x1f0060f0: 00000000 00000000 00000000 00000000
  0x1f006100: 00000000 00000000 00000000 00000000
  0x1f006110: 00000000 00000000 00000000 00000000
  0x1f006120: 00000000 00000000 00000000 00000000
  0x1f006130: 00000000 00000000 00000000 00000000
  0x1f006140: 00000000 00000000 00000000 00000000
  0x1f006150: 00000000 00000000 00000000 00000000
  0x1f006160: 00000000 00000000 00000000 00000000
  0x1f006170: 00000000 00000000 00000000 00000000
  0x1f006180: 00000000 00000000 00000000 00000000
  0x1f006190: 00000000 00000000 00000000 00000000
  0x1f0061a0: 00000000 00000000 00000000 00000000
  0x1f0061b0: 00000000 00000000 00000000 00000000
  0x1f0061c0: 00000000 00000000 00000000 00000000
  0x1f0061d0: 00000000 00000000 00000000 00000000
  0x1f0061e0: 00000000 00000000 00000000 00000000
  0x1f0061f0: 00000000 00000000 00000000 00000000

== 0x1f006800  rtcpwc     RTC + power controller ==
  0x1f006800: 00000000 00000000 00000000 00000000
  0x1f006810: 00000000 00000000 00000000 00000001
  0x1f006820: 00000000 00000000 00000000 00000000
  0x1f006830: 0000085c 00006a5f 00000000 00000000
  0x1f006840: 00000000 00000000 00000000 00000000
  0x1f006850: 00000000 00000000 00000000 00000000
  0x1f006860: 00000000 00000000 00000000 00000000
  0x1f006870: 00000000 00000000 00000000 00000000
  0x1f006880: 00000000 00000000 00000000 00000000
  0x1f006890: 00000000 00000000 00000000 00000000
  0x1f0068a0: 00000000 00000000 00000000 00000000
  0x1f0068b0: 00000000 00000000 00000000 00000000
  0x1f0068c0: 00000000 00000000 00000000 00000000
  0x1f0068d0: 00000000 00000000 00000000 00000000
  0x1f0068e0: 00000000 00000000 00000000 00000000
  0x1f0068f0: 00000000 00000000 00000000 00000000
  0x1f006900: 00000000 00000000 00000000 00000000
  0x1f006910: 00000000 00000000 00000000 00000000
  0x1f006920: 00000000 00000000 00000000 00000000
  0x1f006930: 00000000 00000000 00000000 00000000
  0x1f006940: 00000000 00000000 00000000 00000000
  0x1f006950: 00000000 00000000 00000000 00000000
  0x1f006960: 00000000 00000000 00000000 00000000
  0x1f006970: 00000000 00000000 00000000 00000000
  0x1f006980: 00000000 00000000 00000000 00000000
  0x1f006990: 00000000 00000000 00000000 00000000
  0x1f0069a0: 00000000 00000000 00000000 00000000
  0x1f0069b0: 00000000 00000000 00000000 00000000
  0x1f0069c0: 00000000 00000000 00000000 00000000
  0x1f0069d0: 00000000 00000000 00000000 00000000
  0x1f0069e0: 00000000 00000000 00000000 00000000
  0x1f0069f0: 00000000 00000000 00000000 00000000

== 0x1f007000  pm_misc    chip id / boot-media strap (DID_KEY at +0x1c0) ==
  0x1f007000: 00000000 00000000 00000000 00000000
  0x1f007010: 00000000 00000000 00000000 00000000
  0x1f007020: 00000000 00000000 00000000 00000000
  0x1f007030: 00000000 00000000 00000000 00000000
  0x1f007040: 00000000 00000000 00000000 00000000
  0x1f007050: 00000000 00000000 00000000 00000000
  0x1f007060: 00000000 00000000 00000000 00000000
  0x1f007070: 00000000 00000000 00000000 00000000
  0x1f007080: 00000000 00000000 00000000 00000000
  0x1f007090: 00000000 00000000 00000000 00000000
  0x1f0070a0: 00000000 00000000 00000000 00000000
  0x1f0070b0: 00000000 00000000 00000000 00000000
  0x1f0070c0: 00000000 00000000 00000000 00000000
  0x1f0070d0: 00000000 00000000 00000000 00000000
  0x1f0070e0: 00000000 00000000 00000000 00000000
  0x1f0070f0: 00000000 00000000 00000000 00000000
  0x1f007100: 00000000 00000000 00000000 00000000
  0x1f007110: 00000000 00000000 00000000 00000000
  0x1f007120: 00000000 00000000 00000000 00000000
  0x1f007130: 00000000 00000000 00000000 00000000
  0x1f007140: 00000000 00000000 00000000 00000000
  0x1f007150: 00000000 00000000 00000000 00000000
  0x1f007160: 00000000 00000000 00000000 00000000
  0x1f007170: 00000000 00000000 00000000 00000000
  0x1f007180: 00000000 00000000 00000000 00000000
  0x1f007190: 00000000 00000000 00000000 00000000
  0x1f0071a0: 00000000 00000000 00000000 00000000
  0x1f0071b0: 00000000 00000000 00000000 00000000
  0x1f0071c0: 00000020 00000000 00000000 00000000
  0x1f0071d0: 00000000 00000000 00000000 00000000
  0x1f0071e0: 00000000 00000000 00000000 00000000
  0x1f0071f0: 00000000 00000000 00000000 00000000
