0x1f003400: 00000000 00000000 00000800 00000000
0x1f003410: 00000fff 00000000 00000000 00000001
0x1f003420: 00000000 00000000 00000000 00000000
0x1f003430: 00000000 00000000 00000000 00000000
0x1f003440: 00000000 00000000 00000000 00000000
0x1f003450: 00000000 00000000 00000000 00000000
0x1f003460: 00000000 00000000 00000000 00000000
0x1f003470: 00000000 00000000 00000000 00000000
0x1f003480: 00000000 00000000 00000000 00000000
0x1f003490: 00000000 00000000 00000000 00000000
0x1f0034a0: 00000000 00000000 00000000 00000000
0x1f0034b0: 00000000 00000000 00000000 00000000
0x1f0034c0: 00000000 00000000 00000000 00000000
0x1f0034d0: 00000000 00000000 00000000 00000000
0x1f0034e0: 00000000 00000000 00000000 00000000
0x1f0034f0: 00000000 00000000 00000000 00000000
